4
6
8
9
10
12
13
15
16
17
18
19
20
21
23
25
28
30
31
32
34
35
38
39
40
43
44
46
47
48
49
53
54
55
56
57
58
59
61
64
65
66
67
68
69
70
71
72
73
74
75
76
78
79
80
81
82
83
84
85
87
88
89
90
91
92
93
94
95
97
98
99
100
101
102
103
104
107
109
110
111
113
114
115
116
117
118
119
120
124
125
126
127
130
131
132
133
134
135
137
138
139
141
143
144
147
148
149
150
151
152
153
155
156
157
158
159
160
161
162
164
165
166
167
168
169
171
174
175
178
180
181
185
187
193
194
197
198
199
200
201
205
211
213
214
215
218
219
220
221
223
224
227
229
230
234
235
236
238
240
241
242
243
244
245
246
247
248
250
251
252
253
254
255
257
258
259
261
